   4.0300962238  16.5947729704  15.6082654319	   2.3808276207  16.0525883037  17.0627101611	   6.1827475470  16.7581611799  16.5126127318	  10.4119699491  17.7537266780  17.8007212536
   4.0644766726  16.5956660981  15.6476310931	   2.4191551780  16.0838298739  17.0206600711	   6.2217426354  16.9770775088  16.3722307487	  10.4410511274  17.6420872925  17.7981714685
   4.0259859011  16.5450617636  15.7149047014	   2.4191991549  16.0727149597  16.9996018760	   6.1051852209  16.9485270451  16.5877961690	  10.5659128120  17.3597407828  17.8433286889
   4.0631450096  16.5724628136  15.6983574692	   2.4716549456  16.1642706652  16.9650438240	   6.0798757358  17.0687891970  16.6611954705	  10.2077418756  17.3192266412  18.2624672019
   4.1219288350  16.5604420173  15.6774448169	   2.4485324416  16.1045220948  17.0454338113	   6.5540563201  17.1235342377  16.8238880386	  10.3543545194  17.5824136514  17.8826846971
   4.0673957165  16.4552350598  15.7531189354	   2.4658974154  16.1053457834  17.0543901998	   6.2018091366  17.2153706087  16.3282432272	  10.1506558209  17.4241121451  17.8266106458
   4.0263803968  16.5343774752  15.6409453213	   2.4618274339  16.1970462909  17.1208444789	   6.3173469007  16.9247375418  16.1620739435	  10.1543927323  17.3578514894  17.5129579152
   4.1159951454  16.6157171699  15.6398750056	   2.4683580399  16.1825717455  17.0896003706	   6.1996261009  17.3217617812  16.0889086256	   9.9574327223  17.2238657175  17.3582784480
   3.9993550485  16.6122916509  15.5724260200	   2.4644592590  16.1210294357  17.0654667158	   5.9299804379  17.5059113249  16.1602208952	  10.1036917328  17.2322726554  17.3085329596
   4.0712344134  16.6713032002  15.6054059377	   2.5224805308  16.1656790723  17.0045241766	   6.0002951103  17.4740208300  16.3403506194	  10.0414599326  17.1924765648  17.4252233768
   4.1760656204  16.5694238041  15.6201486247	   2.4712166308  16.0921690841  17.0428247646	   6.2223996324  17.6165314366  16.3655268830	   9.7622204583  17.1518319435  17.2244293434
   4.1753845433  16.5470060330  15.7727407694	   2.3970016360  16.1521981748  17.0478145382	   5.9876435552  17.6287043357  16.3986017551	  10.0603652195  16.7021609753  17.3955277924
   4.1707696053  16.5778712519  15.8466015815	   2.3581091885  16.2537693588  17.0474426477	   6.5451978208  17.2720321560  16.8387050735	   9.9295299124  16.7369855710  17.4525090840
   4.0683539786  16.5884574041  15.8260898273	   2.4003068200  16.2033742757  17.0632676606	   6.5376508599  17.2628076327  16.8095812928	  10.0196029215  16.8798565758  17.2946258123
   4.0709367482  16.4194329239  15.7544480880	   2.3796552985  16.2530151091  17.0642156451	   6.3326383537  17.2523653963  16.8368694732	   9.8087322010  16.6121924902  17.1352414125
   4.1739465588  16.4187366715  15.7017855456	   2.4322390696  16.1802898567  17.0461844821	   6.6724165983  17.1334441223  16.7315901691	   9.9893983067  16.9772166945  17.5049858207
   4.1041615052  16.4414750373  15.7278624814	   2.4575837989  16.1630404045  17.0425063731	   6.6957263919  17.6539780503  16.5170173729	   9.9683487116  16.8350765214  17.5133162517
   4.1662355122  16.4852702869  15.7383763441	   2.3831404400  16.2208157999  16.9821770225	   6.4673292968  17.5513821481  16.2389693483	  10.0928464491  16.8941350896  17.4245842113
   4.2196772280  16.5036422894  15.7433749239	   2.4532844926  16.2588109689  16.9326731499	   6.2733657812  17.3567260519  16.5682600024	  10.0450756499  16.7502922936  17.3857981406
   4.2732729545  16.5745171619  15.6717548503	   2.3693161235  16.3253562507  16.9604470576	   6.3048110587  17.4633691204  16.5356566998	   9.8691905806  16.6285993511  17.7580765616
   4.2323704609  16.5781248581  15.6437347913	   2.3519050186  16.3096178778  16.9230727341	   6.2779980777  17.4312007098  16.6669137226	   9.8377040759  16.5419683172  17.5653469076
   4.2423864241  16.6156318004  15.5354657011	   2.4362618109  16.2973171501  16.9472423085	   6.3148365687  17.4419445293  16.2306661542	   9.6143031175  16.3806682982  17.2584967742
   4.1955726615  16.5646223940  15.5497479566	   2.4457527826  16.2312999704  16.9048115216	   6.4896914112  17.2567738384  16.1070283291	   9.3792374659  16.1590723996  17.4833403461
   4.2532705203  16.6019186814  15.6549108238	   2.4608346538  16.2043173777  16.9642461054	   6.4816673456  17.3164171183  16.3054044614	   9.4582598815  16.3681636157  17.6726311005
   4.2414002727  16.6030708286  15.8031896478	   2.4493760310  16.2544307663  17.0353962044	   6.5901976909  17.3392256373  16.1502249199	   9.7348713278  16.6303015026  17.4222248914
   4.2055689327  16.6186192125  15.7680420017	   2.3882943742  16.2813715957  17.0600547918	   6.8650773611  17.3318696683  16.2309159753	   9.7263089073  16.8481578725  17.2721748857
   4.1920415582  16.6451343534  15.7496286469	   2.3761059012  16.2915594434  16.9625363563	   6.4956595969  17.0758382813  16.3991869501	  10.0870942051  16.7368925103  17.7671097686
   4.1793310351  16.6238012908  15.7160190938	   2.4979922916  16.3321824230  17.0716445501	   6.5465727656  17.1483040403  16.4058320294	  10.2381135773  16.8837387938  17.8564039303
   4.1746884622  16.6007473297  15.6096119200	   2.4356790963  16.2205154909  17.0453173882	   6.6311070448  16.9335901982  16.5086850497	  10.1208526099  17.2522055723  17.5258719080
   4.0669344974  16.5254843222  15.6259905607	   2.4302543313  16.1925224692  17.1090813918	   6.5059363990  16.9555095729  16.3219301373	   9.9511657072  17.5472881619  17.5305265333
   4.1139408020  16.4567778998  15.5670633284	   2.4128119762  16.0887831358  17.1484939505	   6.3807686593  16.9194194855  15.8031389802	  10.2064629990  17.9093425053  17.8440074697
   4.0251802774  16.4952408846  15.5944770062	   2.4674012066  16.1175766653  17.1314264531	   5.9713503275  16.7016981898  16.0296216801	  10.2351124666  17.8600191922  18.0070347474
