 Steps         KinEng         PotEng         TotEng          dE_dN        ElecNum     RxnCoord_0     RxnCoord_1    MeanForce_0    MeanForce_1
     0       0.000000  -11412.936775  -11412.936775        -3.6362         0.0000           0.40           1.70      -0.017364      -0.088347
     1       0.000000  -11412.934461  -11412.934461        -4.1674        -0.0172           0.40           1.70      -0.017168      -0.088295
     2       0.000000  -11412.934461  -11412.934461        -4.1909        -0.0172           0.40           1.70      -0.017168      -0.088295
     3       0.000000  -11412.934461  -11412.934461        -2.6511        -0.0172           0.40           1.70      -0.017168      -0.088295
     4       0.000000  -11412.934461  -11412.934461        -2.5437        -0.0172           0.40           1.70      -0.017168      -0.088295
     5       0.000000  -11412.934461  -11412.934461        -4.5546        -0.0172           0.40           1.70      -0.017168      -0.088295
     6       0.000000  -11412.934461  -11412.934461        -4.1563        -0.0172           0.40           1.70      -0.017168      -0.088295
     7       0.000000  -11412.934461  -11412.934461        -4.1416        -0.0172           0.40           1.70      -0.017168      -0.088295
     8       0.000000  -11412.934461  -11412.934461        -4.1838        -0.0172           0.40           1.70      -0.017168      -0.088295
     9       0.000000  -11412.934461  -11412.934461        -1.8673        -0.0172           0.40           1.70      -0.017168      -0.088295
    10       0.000000  -11412.934461  -11412.934461        -4.9648        -0.0172           0.40           1.70      -0.017168      -0.088295
    11       0.000000  -11412.938422  -11412.938422        -3.2424         0.0139           0.40           1.70      -0.017531      -0.088379
    12       0.000000  -11412.938422  -11412.938422        -3.2638         0.0139           0.40           1.70      -0.017531      -0.088379
    13       0.000000  -11412.938422  -11412.938422        -3.2532         0.0139           0.40           1.70      -0.017531      -0.088379
    14       0.000000  -11412.938422  -11412.938422        -1.7173         0.0139           0.40           1.70      -0.017531      -0.088379
    15       0.000000  -11412.938422  -11412.938422        -3.2516         0.0139           0.40           1.70      -0.017531      -0.088379
    16       0.000000  -11412.938422  -11412.938422        -3.2192         0.0139           0.40           1.70      -0.017531      -0.088379
    17       0.000000  -11412.938422  -11412.938422        -3.5914         0.0139           0.40           1.70      -0.017531      -0.088379
    18       0.000000  -11412.938422  -11412.938422        -3.2462         0.0139           0.40           1.70      -0.017531      -0.088379
    19       0.000000  -11412.938422  -11412.938422        -0.9975         0.0139           0.40           1.70      -0.017531      -0.088379
    20       0.000000  -11412.938422  -11412.938422        -3.2504         0.0139           0.40           1.70      -0.017531      -0.088379
    21       0.000000  -11412.938422  -11412.938422        -3.2482         0.0139           0.40           1.70      -0.017531      -0.088379
    22       0.000000  -11412.938422  -11412.938422        -3.2630         0.0139           0.40           1.70      -0.017531      -0.088379
    23       0.000000  -11412.938422  -11412.938422        -3.2255         0.0139           0.40           1.70      -0.017531      -0.088379
    24       0.000000  -11412.938422  -11412.938422        -3.2936         0.0139           0.40           1.70      -0.017531      -0.088379
    25       0.000000  -11412.938422  -11412.938422        -1.7849         0.0139           0.40           1.70      -0.017531      -0.088379
    26       0.000000  -11412.939624  -11412.939624        -2.9424         0.0252           0.40           1.70      -0.017670      -0.088401
    27       0.000000  -11412.939624  -11412.939624        -1.5521         0.0252           0.40           1.70      -0.017670      -0.088401
    28       0.000000  -11412.939708  -11412.939708        -2.9208         0.0260           0.40           1.70      -0.017681      -0.088403
    29       0.000000  -11412.939708  -11412.939708        -2.9195         0.0260           0.40           1.70      -0.017681      -0.088403
    30       0.000000  -11412.939708  -11412.939708        -2.8841         0.0260           0.40           1.70      -0.017681      -0.088403
